+------------------------+--------------+----------------+----------------+------------+------------+
| Instance               | Optimal (.sol) | Gillett Sweep  | Enhanced       | Gap Gilt%  | Gap Enh%   |
+------------------------+--------------+----------------+----------------+------------+------------+
| A-n32-k5               | 784.00       | 885.04         | 885.04         | 12.89      | 12.89      |
| A-n33-k5               | 661.00       | 792.40         | 698.30         | 19.88      | 5.64       |
| A-n33-k6               | 742.00       | 875.32         | 751.65         | 17.97      | 1.30       |
| A-n34-k5               | 778.00       | 868.75         | 786.44         | 11.66      | 1.08       |
| A-n36-k5               | 799.00       | 950.36         | 874.86         | 18.94      | 9.49       |
| A-n37-k5               | 669.00       | 841.56         | 737.31         | 25.79      | 10.21      |
| A-n37-k6               | 949.00       | 1136.51        | 1038.62        | 19.76      | 9.44       |
| A-n38-k5               | 730.00       | 880.83         | 776.05         | 20.66      | 6.31       |
| A-n39-k5               | 822.00       | 1014.97        | 881.35         | 23.48      | 7.22       |
| A-n39-k6               | 831.00       | 991.54         | 896.92         | 19.32      | 7.93       |
| A-n44-k6               | 937.00       | 1166.04        | 1055.96        | 24.44      | 12.70      |
| A-n45-k6               | 944.00       | 1116.09        | 1049.70        | 18.23      | 11.20      |
| A-n45-k7               | 1146.00      | 1342.89        | 1306.53        | 17.18      | 14.01      |
| A-n46-k7               | 914.00       | 1039.92        | 961.04         | 13.78      | 5.15       |
| A-n48-k7               | 1073.00      | 1155.59        | 1147.35        | 7.70       | 6.93       |
| A-n53-k7               | 1010.00      | 1176.36        | 1088.12        | 16.47      | 7.73       |
| A-n54-k7               | 1167.00      | 1368.72        | 1320.84        | 17.29      | 13.18      |
| A-n55-k9               | 1073.00      | 1204.19        | 1172.99        | 12.23      | 9.32       |
| A-n60-k9               | 1354.00      | 1680.92        | 1450.92        | 24.14      | 7.16       |
| A-n61-k9               | 1034.00      | 1226.47        | 1093.82        | 18.61      | 5.79       |
| A-n62-k8               | 1288.00      | 1624.06        | 1386.20        | 26.09      | 7.62       |
| A-n63-k10              | 1314.00      | 1555.07        | 1409.67        | 18.35      | 7.28       |
| A-n63-k9               | 1616.00      | 1828.05        | 1789.02        | 13.12      | 10.71      |
| A-n64-k9               | 1401.00      | 1599.79        | 1508.46        | 14.19      | 7.67       |
| A-n65-k9               | 1174.00      | 1373.00        | 1286.49        | 16.95      | 9.58       |
| A-n69-k9               | 1159.00      | 1271.82        | 1255.55        | 9.73       | 8.33       |
| A-n80-k10              | 1763.00      | 2142.94        | 1981.53        | 21.55      | 12.40      |
+------------------------+--------------+----------------+----------------+------------+------------+
| AVERAGE                | 1041.93      | 1226.27        | 1132.99        | 17.69      | 8.74       |
+------------------------+--------------+----------------+----------------+------------+------------+

  Enhanced wins   : 26 instance(s)
  Gillett wins    : 0 instance(s)
  Tied            : 1 instance(s)
  Total instances : 27
